9
1: (1, 1.0) (2, 2.0) (3, 3.0)
2: (1, 4.0) (2, 5.0) (3, 6.0)
3: (1, 7.0) (2, 8.0) (3, 9.0)

6
1: (1, 1.0) (3, 1.0)
2: (2, 1.0)
3: (1, 1.0) (2, 1.0) (3, 1.0)

9
1: (1, 1.5) (2, 3.0) (3, 4.5)
2: (1, 6.0) (2, 7.5) (3, 9.0)
3: (1, 10.5) (2, 12.0) (3, 13.5)

9
1: (1, 2.0) (2, 4.0) (3, 6.0)
2: (1, 8.0) (2, 10.0) (3, 12.0)
3: (1, 14.0) (2, 16.0) (3, 18.0)

0

6
1: (1, 1.0) (3, 1.0)
2: (2, 1.0) (3, 1.0)
3: (1, 1.0) (3, 1.0)

7
1: (1, 2.0) (2, 1.0) (3, 2.0)
2: (2, 1.0)
3: (1, 2.0) (2, 2.0) (3, 2.0)

9
1: (1, 1.0) (2, 2.0) (3, 3.0)
2: (1, 4.0) (2, 5.0) (3, 6.0)
3: (1, 7.0) (2, 8.0) (3, 9.0)

true
false
true
0

